11
 -111.445 -61.490 72.272 -107.255 -185.046 68.279 -69.159 -94.095 29.727 1.83 1.42 -1: -1
 -111.445 -61.490 72.272 -69.159 -94.095 29.727 91.265 -80.578 49.392 3.78 1.66 -1: -1
 -111.445 -61.490 72.272 91.265 -80.578 49.392 123.322 -76.448 79.509 6.85 4.84 -1: -1
 -107.255 -185.046 68.279 -68.829 -221.714 29.546 -69.159 -94.095 29.727 2.03 1.42 -1: -1
 -69.159 -94.095 29.727 -68.829 -221.714 29.546 107.762 -170.917 65.174 1.45 1.02 -1: -1
 -69.159 -94.095 29.727 107.762 -170.917 65.174 91.265 -80.578 49.392 2.22 1.02 -1: -1
 -68.829 -221.714 29.546 87.696 -232.248 46.532 107.762 -170.917 65.174 2.97 1.04 -1: -1
 -68.829 -221.714 29.546 130.893 -252.085 86.791 87.696 -232.248 46.532 6.19 2.33 -1: -1
 87.696 -232.248 46.532 130.893 -252.085 86.791 107.762 -170.917 65.174 1.58 1.37 -1: -1
 91.265 -80.578 49.392 107.762 -170.917 65.174 123.322 -76.448 79.509 2.00 1.37 -1: -1
 107.762 -170.917 65.174 130.893 -252.085 86.791 123.322 -76.448 79.509 5.69 1.37 -1: -1
