28
 -111.445 -61.490 72.272 -107.255 -185.046 -448.279 -69.159 -94.095 29.727 9.80 4.97 -1: -1
 -111.445 -61.490 72.272 -69.159 -94.095 29.727 91.265 80.578 49.392 3.29 1.29 -1: -1
 -111.445 -61.490 72.272 91.265 80.578 49.392 87.696 232.248 46.532 3.49 1.01 -1: -1
 -107.255 -185.046 -448.279 -68.829 -221.714 29.546 -69.159 -94.095 29.727 3.37 12.51 -1: -1
 -69.159 -94.095 29.727 -68.829 -221.714 29.546 69.159 -94.095 29.727 1.73 1.00 -1: -1
 -69.159 -94.095 29.727 69.159 -94.095 29.727 91.265 80.578 49.392 2.02 1.01 -1: -1
 -68.829 -221.714 29.546 68.829 -221.714 29.546 69.159 -94.095 29.727 1.74 1.00 -1: -1
 -68.829 -221.714 29.546 130.893 -252.085 86.791 87.696 -232.248 46.532 6.19 2.33 -1: -1
 -68.829 -221.714 29.546 87.696 -232.248 46.532 68.829 -221.714 29.546 7.84 1.90 -1: -1
 68.829 -221.714 29.546 87.696 -232.248 46.532 107.255 -185.046 68.279 2.48 1.37 -1: -1
 68.829 -221.714 29.546 107.255 -185.046 68.279 107.762 -170.917 65.174 5.43 1.63 -1: -1
 68.829 -221.714 29.546 107.762 -170.917 65.174 69.159 -94.095 29.727 2.10 1.36 -1: -1
 69.159 -94.095 29.727 91.265 -80.578 49.392 91.265 80.578 49.392 5.70 1.34 -1: -1
 69.159 -94.095 29.727 107.762 -170.917 65.174 91.265 -80.578 49.392 2.52 1.34 -1: -1
 87.696 -232.248 46.532 130.893 -252.085 86.791 107.255 -185.046 68.279 1.39 1.39 -1: -1
 87.696 232.248 46.532 91.265 80.578 49.392 107.762 170.917 65.174 5.15 1.37 -1: -1
 87.696 232.248 46.532 107.762 170.917 65.174 130.893 252.085 86.791 1.58 1.37 -1: -1
 91.265 -80.578 49.392 107.762 -170.917 65.174 123.322 -76.448 79.509 2.00 1.37 -1: -1
 91.265 -80.578 49.392 123.322 -76.448 79.509 111.445 -61.490 72.272 2.33 1.37 -1: -1
 91.265 -80.578 49.392 111.445 -61.490 72.272 91.265 80.578 49.392 4.57 1.51 -1: -1
 91.265 80.578 49.392 111.445 -61.490 72.272 123.322 76.448 679.509 3.82 20.21 -1: -1
 91.265 80.578 49.392 123.322 76.448 679.509 107.762 170.917 65.174 5.95 19.54 -1: -1
 107.255 -185.046 68.279 130.893 -252.085 86.791 107.762 -170.917 65.174 17.26 1.04 -1: -1
 107.762 -170.917 65.174 130.893 -252.085 86.791 123.322 -76.448 79.509 5.69 1.37 -1: -1
 107.762 170.917 65.174 123.322 76.448 679.509 130.893 252.085 86.791 6.22 15.61 -1: -1
 111.445 -61.490 72.272 123.322 -76.448 79.509 123.322 76.448 679.509 26.92 6.87 -1: -1
 123.322 -76.448 79.509 130.893 -252.085 86.791 130.893 252.085 86.791 41.56 1.39 -1: -1
 123.322 -76.448 79.509 130.893 252.085 86.791 123.322 76.448 679.509 1.69 169.37 -1: -1
